#welcome
Tree;(0, 0);;0;0
Tree;(0, 1);;0;0
Tree;(0, 2);;0;0
Tree;(0, 3);;0;0
Tree;(0, 4);;0;0
Tree;(0, 5);;0;0
Tree;(0, 6);;0;0
Herb;(0, 7);block;0;0
Tree;(0, 8);;0;0
Tree;(0, 9);;0;0
Water;(0, 10);
Water;(0, 11);
Water;(0, 12);
Water;(0, 13);
Water;(0, 14);
Water;(0, 15);
Water;(0, 16);
Herb;(0, 17);block;0;0
Herb;(0, 18);block;0;0
Herb;(0, 19);block;0;0
Herb;(0, 20);block;0;0
Herb;(0, 21);block;0;0
Tree;(0, 22);;0;0
Tree;(0, 23);;0;0
Tree;(0, 24);;0;0
Tree;(0, 25);;0;0
Tree;(0, 26);;0;0
Tree;(0, 27);;0;0
Tree;(0, 28);;0;0
Tree;(0, 29);;0;0
Tree;(0, 30);;0;0
Tree;(0, 31);;0;0
Tree;(0, 32);;0;0
Tree;(0, 33);;0;0
Tree;(0, 34);;0;0
Tree;(0, 35);;0;0
Herb;(0, 36);block;0;0
Herb;(0, 37);block;0;0
Herb;(0, 38);block;0;0
Herb;(0, 39);block;0;0
Tree;(1, 0);;0;0
Tree;(1, 1);;0;0
Tree;(1, 2);;0;0
Tree;(1, 3);;0;0
Tree;(1, 4);;0;0
Tree;(1, 5);;0;0
Tree;(1, 6);;0;0
Tree;(1, 7);;0;0
Tree;(1, 8);;0;0
Tree;(1, 9);;0;0
Tree;(1, 10);;0;0
Water;(1, 11);
Water;(1, 12);
Water;(1, 13);
Water;(1, 14);
Water;(1, 15);
Water;(1, 16);
Water;(1, 17);
Water;(1, 18);
Water;(1, 19);
Water;(1, 20);
Herb;(1, 21);block;0;0
Herb;(1, 22);block;0;0
Tree;(1, 23);;0;0
Tree;(1, 24);;0;0
Tree;(1, 25);;0;0
Tree;(1, 26);;0;0
Tree;(1, 27);;0;0
Tree;(1, 28);;0;0
Tree;(1, 29);;0;0
Herb;(1, 30);block;0;0
Tree;(1, 31);;0;0
Tree;(1, 32);;0;0
Tree;(1, 33);;0;0
Tree;(1, 34);;0;0
Tree;(1, 35);;0;0
Tree;(1, 36);;0;0
Herb;(1, 37);block;0;0
Herb;(1, 38);block;0;0
Herb;(1, 39);block;0;0
Tree;(2, 0);;0;0
Tree;(2, 1);;0;0
Tree;(2, 2);;0;0
Tree;(2, 3);;0;0
Tree;(2, 4);;0;0
Tree;(2, 5);;0;0
Tree;(2, 6);;0;0
Tree;(2, 7);;0;0
Tree;(2, 8);;0;0
Tree;(2, 9);;0;0
Tree;(2, 10);;0;0
Tree;(2, 11);;0;0
Water;(2, 12);
Water;(2, 13);
Water;(2, 14);
Water;(2, 15);
Water;(2, 16);
Water;(2, 17);
Water;(2, 18);
Water;(2, 19);
Water;(2, 20);
Herb;(2, 21);block;0;0
Tree;(2, 22);;0;0
Tree;(2, 23);;0;0
Tree;(2, 24);;0;0
Tree;(2, 25);;0;0
Tree;(2, 26);;0;0
Tree;(2, 27);;0;0
Tree;(2, 28);;0;0
Tree;(2, 29);;0;0
Tree;(2, 30);;0;0
Tree;(2, 31);;0;0
Tree;(2, 32);;0;0
Tree;(2, 33);;0;0
Tree;(2, 34);;0;0
Tree;(2, 35);;0;0
Tree;(2, 36);;0;0
Tree;(2, 37);;0;0
Herb;(2, 38);block;0;0
Herb;(2, 39);block;0;0
Tree;(3, 0);;0;0
Tree;(3, 1);;0;0
Tree;(3, 2);;0;0
Tree;(3, 3);;0;0
Tree;(3, 4);;0;0
Tree;(3, 5);;0;0
Tree;(3, 6);;0;0
Tree;(3, 7);;0;0
Tree;(3, 8);;0;0
Tree;(3, 9);;0;0
Tree;(3, 10);;0;0
Tree;(3, 11);;0;0
Tree;(3, 12);;0;0
Tree;(3, 13);;0;0
Tree;(3, 14);;0;0
Tree;(3, 15);;0;0
Water;(3, 16);
Water;(3, 17);
Water;(3, 18);
Water;(3, 19);
Water;(3, 20);
Water;(3, 21);
Herb;(3, 22);block;0;0
Tree;(3, 23);;0;0
Tree;(3, 24);;0;0
Tree;(3, 25);;0;0
Tree;(3, 26);;0;0
Tree;(3, 27);;0;0
Tree;(3, 28);;0;0
Tree;(3, 29);;0;0
Tree;(3, 30);;0;0
Tree;(3, 31);;0;0
Tree;(3, 32);;0;0
Tree;(3, 33);;0;0
Tree;(3, 34);;0;0
Tree;(3, 35);;0;0
Tree;(3, 36);;0;0
Tree;(3, 37);;0;0
Tree;(3, 38);;0;0
Herb;(3, 39);block;0;0
Tree;(4, 0);;0;0
Tree;(4, 1);;0;0
Tree;(4, 2);;0;0
Tree;(4, 3);;0;0
Tree;(4, 4);;0;0
Tree;(4, 5);;0;0
Tree;(4, 6);;0;0
Tree;(4, 7);;0;0
Tree;(4, 8);;0;0
Tree;(4, 9);;0;0
Tree;(4, 10);;0;0
Tree;(4, 11);;0;0
Herb;(4, 12);block;0;0
Tree;(4, 13);;0;0
Herb;(4, 14);block;0;0
Tree;(4, 15);;0;0
Tree;(4, 16);;0;0
Herb;(4, 17);block;0;0
Water;(4, 18);
Water;(4, 19);
Water;(4, 20);
Water;(4, 21);
Water;(4, 22);
Herb;(4, 23);block;0;0
Tree;(4, 24);;0;0
Tree;(4, 25);;0;0
Tree;(4, 26);;0;0
Tree;(4, 27);;0;0
Tree;(4, 28);;0;0
Herb;(4, 29);block;0;0
Herb;(4, 30);block;0;0
Herb;(4, 31);block;0;0
Tree;(4, 32);;0;0
Tree;(4, 33);;0;0
Tree;(4, 34);;0;0
Tree;(4, 35);;0;0
Tree;(4, 36);;0;0
Tree;(4, 37);;0;0
Tree;(4, 38);;0;0
Herb;(4, 39);block;0;0
Tree;(5, 0);;0;0
Tree;(5, 1);;0;0
Tree;(5, 2);;0;0
Tree;(5, 3);;0;0
Tree;(5, 4);;0;0
Tree;(5, 5);;0;0
Tree;(5, 6);;0;0
Tree;(5, 7);;0;0
Tree;(5, 8);;0;0
Tree;(5, 9);;0;0
Tree;(5, 10);;0;0
Tree;(5, 11);;0;0
Tree;(5, 12);;0;0
Tree;(5, 13);;0;0
Tree;(5, 14);;0;0
Tree;(5, 15);;0;0
Tree;(5, 16);;0;0
Herb;(5, 17);block;0;0
Herb;(5, 18);block;0;0
Water;(5, 19);
Water;(5, 20);
Water;(5, 21);
Water;(5, 22);
Water;(5, 23);
Water;(5, 24);
Tree;(5, 25);;0;0
Tree;(5, 26);;0;0
Tree;(5, 27);;0;0
Tree;(5, 28);;0;0
Tree;(5, 29);;0;0
Tree;(5, 30);;0;0
Tree;(5, 31);;0;0
Tree;(5, 32);;0;0
Tree;(5, 33);;0;0
Tree;(5, 34);;0;0
Tree;(5, 35);;0;0
Tree;(5, 36);;0;0
Tree;(5, 37);;0;0
Tree;(5, 38);;0;0
Herb;(5, 39);block;0;0
Tree;(6, 0);;0;0
Tree;(6, 1);;0;0
Tree;(6, 2);;0;0
Tree;(6, 3);;0;0
Tree;(6, 4);;0;0
Tree;(6, 5);;0;0
Tree;(6, 6);;0;0
Tree;(6, 7);;0;0
Tree;(6, 8);;0;0
Tree;(6, 9);;0;0
Tree;(6, 10);;0;0
Tree;(6, 11);;0;0
Tree;(6, 12);;0;0
Tree;(6, 13);;0;0
Tree;(6, 14);;0;0
Tree;(6, 15);;0;0
Tree;(6, 16);;0;0
Tree;(6, 17);;0;0
Tree;(6, 18);;0;0
Herb;(6, 19);block;0;0
Water;(6, 20);
Water;(6, 21);
Water;(6, 22);
Water;(6, 23);
Water;(6, 24);
Water;(6, 25);
Water;(6, 26);
Water;(6, 27);
Water;(6, 28);
Water;(6, 29);
Herb;(6, 30);block;0;0
Herb;(6, 31);block;0;0
Tree;(6, 32);;0;0
Tree;(6, 33);;0;0
Herb;(6, 34);block;0;0
Tree;(6, 35);;0;0
Tree;(6, 36);;0;0
Tree;(6, 37);;0;0
Tree;(6, 38);;0;0
Herb;(6, 39);block;0;0
Tree;(7, 0);;0;0
Tree;(7, 1);;0;0
Tree;(7, 2);;0;0
Tree;(7, 3);;0;0
Tree;(7, 4);;0;0
Tree;(7, 5);;0;0
Tree;(7, 6);;0;0
Tree;(7, 7);;0;0
Tree;(7, 8);;0;0
Tree;(7, 9);;0;0
Tree;(7, 10);;0;0
Tree;(7, 11);;0;0
Tree;(7, 12);;0;0
Tree;(7, 13);;0;0
Herb;(7, 14);block;0;0
Tree;(7, 15);;0;0
Tree;(7, 16);;0;0
Tree;(7, 17);;0;0
Tree;(7, 18);;0;0
Herb;(7, 19);block;0;0
Herb;(7, 20);block;0;0
Water;(7, 21);
Water;(7, 22);
Water;(7, 23);
Water;(7, 24);
Water;(7, 25);
Water;(7, 26);
Water;(7, 27);
Water;(7, 28);
Water;(7, 29);
Water;(7, 30);
Herb;(7, 31);block;0;0
Tree;(7, 32);;0;0
Tree;(7, 33);;0;0
Tree;(7, 34);;0;0
Tree;(7, 35);;0;0
Tree;(7, 36);;0;0
Tree;(7, 37);;0;0
Tree;(7, 38);;0;0
Herb;(7, 39);block;0;0
Tree;(8, 0);;0;0
Tree;(8, 1);;0;0
Tree;(8, 2);;0;0
Tree;(8, 3);;0;0
Tree;(8, 4);;0;0
Tree;(8, 5);;0;0
Herb;(8, 6);block;0;0
Tree;(8, 7);;0;0
Tree;(8, 8);;0;0
Tree;(8, 9);;0;0
Tree;(8, 10);;0;0
Tree;(8, 11);;0;0
Tree;(8, 12);;0;0
Tree;(8, 13);;0;0
Herb;(8, 14);block;0;0
Herb;(8, 15);block;0;0
Tree;(8, 16);;0;0
Tree;(8, 17);;0;0
Tree;(8, 18);;0;0
Tree;(8, 19);;0;0
Tree;(8, 20);;0;0
Herb;(8, 21);block;0;0
Water;(8, 22);
Water;(8, 23);
Water;(8, 24);
Water;(8, 25);
Water;(8, 26);
Water;(8, 27);
Water;(8, 28);
Water;(8, 29);
Water;(8, 30);
Water;(8, 31);
Herb;(8, 32);block;0;0
Tree;(8, 33);;0;0
Tree;(8, 34);;0;0
Tree;(8, 35);;0;0
Tree;(8, 36);;0;0
Tree;(8, 37);;0;0
Tree;(8, 38);;0;0
Herb;(8, 39);block;0;0
Tree;(9, 0);;0;0
Tree;(9, 1);;0;0
Tree;(9, 2);;0;0
Tree;(9, 3);;0;0
Tree;(9, 4);;0;0
Tree;(9, 5);;0;0
Tree;(9, 6);;0;0
Tree;(9, 7);;0;0
Tree;(9, 8);;0;0
Tree;(9, 9);;0;0
Tree;(9, 10);;0;0
Tree;(9, 11);;0;0
Tree;(9, 12);;0;0
Tree;(9, 13);;0;0
Herb;(9, 14);block;0;0
Herb;(9, 15);block;0;0
Herb;(9, 16);block;0;0
Herb;(9, 17);block;0;0
Tree;(9, 18);;0;0
Tree;(9, 19);;0;0
Tree;(9, 20);;0;0
Tree;(9, 21);;0;0
Herb;(9, 22);block;0;0
Water;(9, 23);
Water;(9, 24);
Water;(9, 25);
Water;(9, 26);
Water;(9, 27);
Water;(9, 28);
Water;(9, 29);
Water;(9, 30);
Water;(9, 31);
Herb;(9, 32);block;0;0
Water;(9, 33);
Water;(9, 34);
Herb;(9, 35);block;0;0
Tree;(9, 36);;0;0
Tree;(9, 37);;0;0
Tree;(9, 38);;0;0
Herb;(9, 39);block;0;0
Tree;(10, 0);;0;0
Tree;(10, 1);;0;0
Tree;(10, 2);;0;0
Tree;(10, 3);;0;0
Tree;(10, 4);;0;0
Tree;(10, 5);;0;0
Tree;(10, 6);;0;0
Tree;(10, 7);;0;0
Tree;(10, 8);;0;0
Tree;(10, 9);;0;0
Tree;(10, 10);;0;0
Tree;(10, 11);;0;0
Tree;(10, 12);;0;0
Tree;(10, 13);;0;0
Herb;(10, 14);block;0;0
Herb;(10, 15);block;0;0
Herb;(10, 16);block;0;0
Herb;(10, 17);block;0;0
Herb;(10, 18);block;0;0
Herb;(10, 19);block;0;0
Tree;(10, 20);;0;0
Tree;(10, 21);;0;0
Tree;(10, 22);;0;0
Herb;(10, 23);block;0;0
Water;(10, 24);
Water;(10, 25);
Water;(10, 26);
Water;(10, 27);
Water;(10, 28);
Water;(10, 29);
Water;(10, 30);
Water;(10, 31);
Water;(10, 32);
Water;(10, 33);
Water;(10, 34);
Herb;(10, 35);block;0;0
Tree;(10, 36);;0;0
Tree;(10, 37);;0;0
Tree;(10, 38);;0;0
Herb;(10, 39);block;0;0
Tree;(11, 0);;0;0
Tree;(11, 1);;0;0
Tree;(11, 2);;0;0
Tree;(11, 3);;0;0
Tree;(11, 4);;0;0
Tree;(11, 5);;0;0
Tree;(11, 6);;0;0
Herb;(11, 7);block;0;0
Herb;(11, 8);block;0;0
Tree;(11, 9);;0;0
Tree;(11, 10);;0;0
Tree;(11, 11);;0;0
Tree;(11, 12);;0;0
Tree;(11, 13);;0;0
Herb;(11, 14);block;0;0
Tree;(11, 15);;0;0
Herb;(11, 16);block;0;0
Herb;(11, 17);block;0;0
Herb;(11, 18);block;0;0
Tree;(11, 19);;0;0
Tree;(11, 20);;0;0
Tree;(11, 21);;0;0
Herb;(11, 22);block;0;0
Herb;(11, 23);block;0;0
Herb;(11, 24);block;0;0
Water;(11, 25);
Water;(11, 26);
Water;(11, 27);
Water;(11, 28);
Water;(11, 29);
Water;(11, 30);
Water;(11, 31);
Water;(11, 32);
Water;(11, 33);
Water;(11, 34);
Water;(11, 35);
Tree;(11, 36);;0;0
Tree;(11, 37);;0;0
Tree;(11, 38);;0;0
Herb;(11, 39);block;0;0
Tree;(12, 0);;0;0
Tree;(12, 1);;0;0
Tree;(12, 2);;0;0
Tree;(12, 3);;0;0
Tree;(12, 4);;0;0
Tree;(12, 5);;0;0
Herb;(12, 6);block;0;0
Herb;(12, 7);block;0;0
Tree;(12, 8);;0;0
Tree;(12, 9);;0;0
Tree;(12, 10);;0;0
Tree;(12, 11);;0;0
Tree;(12, 12);;0;0
Tree;(12, 13);;0;0
Tree;(12, 14);;0;0
Tree;(12, 15);;0;0
Tree;(12, 16);;0;0
Tree;(12, 17);;0;0
Herb;(12, 18);block;0;0
Herb;(12, 19);block;0;0
Tree;(12, 20);;0;0
Tree;(12, 21);;0;0
Tree;(12, 22);;0;0
Tree;(12, 23);;0;0
Tree;(12, 24);;0;0
Tree;(12, 25);;0;0
Tree;(12, 26);;0;0
Tree;(12, 27);;0;0
Tree;(12, 28);;0;0
Tree;(12, 29);;0;0
Water;(12, 30);
Water;(12, 31);
Water;(12, 32);
Water;(12, 33);
Water;(12, 34);
Water;(12, 35);
Water;(12, 36);
Tree;(12, 37);;0;0
Water;(12, 38);
Tree;(12, 39);;0;0
Tree;(13, 0);;0;0
Tree;(13, 1);;0;0
Tree;(13, 2);;0;0
Tree;(13, 3);;0;0
Tree;(13, 4);;0;0
Herb;(13, 5);block;0;0
Herb;(13, 6);block;0;0
Herb;(13, 7);block;0;0
Tree;(13, 8);;0;0
Tree;(13, 9);;0;0
Tree;(13, 10);;0;0
Tree;(13, 11);;0;0
Tree;(13, 12);;0;0
Tree;(13, 13);;0;0
Tree;(13, 14);;0;0
Tree;(13, 15);;0;0
Tree;(13, 16);;0;0
Tree;(13, 17);;0;0
Tree;(13, 18);;0;0
Herb;(13, 19);block;0;0
Herb;(13, 20);block;0;0
Tree;(13, 21);;0;0
Tree;(13, 22);;0;0
Tree;(13, 23);;0;0
Tree;(13, 24);;0;0
Tree;(13, 25);;0;0
Tree;(13, 26);;0;0
Tree;(13, 27);;0;0
Tree;(13, 28);;0;0
Herb;(13, 29);block;0;0
Herb;(13, 30);block;0;0
Herb;(13, 31);block;0;0
Water;(13, 32);
Water;(13, 33);
Water;(13, 34);
Water;(13, 35);
Water;(13, 36);
Water;(13, 37);
Water;(13, 38);
Water;(13, 39);
Tree;(14, 0);;0;0
Tree;(14, 1);;0;0
Tree;(14, 2);;0;0
Tree;(14, 3);;0;0
Herb;(14, 4);block;0;0
Herb;(14, 5);block;0;0
Herb;(14, 6);block;0;0
Herb;(14, 7);block;0;0
Herb;(14, 8);block;0;0
Tree;(14, 9);;0;0
Tree;(14, 10);;0;0
Tree;(14, 11);;0;0
Tree;(14, 12);;0;0
Tree;(14, 13);;0;0
Tree;(14, 14);;0;0
Tree;(14, 15);;0;0
Tree;(14, 16);;0;0
Tree;(14, 17);;0;0
Tree;(14, 18);;0;0
Tree;(14, 19);;0;0
Herb;(14, 20);block;0;0
Tree;(14, 21);;0;0
Tree;(14, 22);;0;0
Tree;(14, 23);;0;0
Tree;(14, 24);;0;0
Tree;(14, 25);;0;0
Tree;(14, 26);;0;0
Tree;(14, 27);;0;0
Tree;(14, 28);;0;0
Tree;(14, 29);;0;0
Herb;(14, 30);block;0;0
Herb;(14, 31);block;0;0
Tree;(14, 32);;0;0
Tree;(14, 33);;0;0
Water;(14, 34);
Water;(14, 35);
Water;(14, 36);
Water;(14, 37);
Water;(14, 38);
Water;(14, 39);
Tree;(15, 0);;0;0
Tree;(15, 1);;0;0
Tree;(15, 2);;0;0
Tree;(15, 3);;0;0
Tree;(15, 4);;0;0
Herb;(15, 5);block;0;0
Herb;(15, 6);block;0;0
Herb;(15, 7);block;0;0
Herb;(15, 8);block;0;0
Herb;(15, 9);block;0;0
Tree;(15, 10);;0;0
Tree;(15, 11);;0;0
Tree;(15, 12);;0;0
Tree;(15, 13);;0;0
Tree;(15, 14);;0;0
Tree;(15, 15);;0;0
Tree;(15, 16);;0;0
Tree;(15, 17);;0;0
Tree;(15, 18);;0;0
Tree;(15, 19);;0;0
Tree;(15, 20);;0;0
Herb;(15, 21);block;0;0
Tree;(15, 22);;0;0
Tree;(15, 23);;0;0
Tree;(15, 24);;0;0
Tree;(15, 25);;0;0
Tree;(15, 26);;0;0
Tree;(15, 27);;0;0
Tree;(15, 28);;0;0
Tree;(15, 29);;0;0
Tree;(15, 30);;0;0
Herb;(15, 31);block;0;0
Herb;(15, 32);block;0;0
Tree;(15, 33);;0;0
Tree;(15, 34);;0;0
Tree;(15, 35);;0;0
Water;(15, 36);
Water;(15, 37);
Water;(15, 38);
Water;(15, 39);
Tree;(16, 0);;0;0
Tree;(16, 1);;0;0
Tree;(16, 2);;0;0
Tree;(16, 3);;0;0
Tree;(16, 4);;0;0
Tree;(16, 5);;0;0
Herb;(16, 6);block;0;0
Herb;(16, 7);block;0;0
Herb;(16, 8);block;0;0
Herb;(16, 9);block;0;0
Herb;(16, 10);block;0;0
Tree;(16, 11);;0;0
Tree;(16, 12);;0;0
Tree;(16, 13);;0;0
Herb;(16, 14);block;0;0
Herb;(16, 15);block;0;0
Tree;(16, 16);;0;0
Tree;(16, 17);;0;0
Tree;(16, 18);;0;0
Herb;(16, 19);block;0;0
Herb;(16, 20);block;0;0
Tree;(16, 21);;0;0
Tree;(16, 22);;0;0
Tree;(16, 23);;0;0
Tree;(16, 24);;0;0
Tree;(16, 25);;0;0
Tree;(16, 26);;0;0
Tree;(16, 27);;0;0
Tree;(16, 28);;0;0
Tree;(16, 29);;0;0
Tree;(16, 30);;0;0
Tree;(16, 31);;0;0
Tree;(16, 32);;0;0
Tree;(16, 33);;0;0
Tree;(16, 34);;0;0
Herb;(16, 35);block;0;0
Tree;(16, 36);;0;0
Tree;(16, 37);;0;0
Water;(16, 38);
Water;(16, 39);
Herb;(17, 0);block;0;0
Herb;(17, 1);block;0;0
Tree;(17, 2);;0;0
Tree;(17, 3);;0;0
Tree;(17, 4);;0;0
Tree;(17, 5);;0;0
Tree;(17, 6);;0;0
Herb;(17, 7);block;0;0
Herb;(17, 8);block;0;0
Herb;(17, 9);block;0;0
Herb;(17, 10);block;0;0
Herb;(17, 11);block;0;0
Tree;(17, 12);;0;0
Tree;(17, 13);;0;0
Tree;(17, 14);;0;0
Tree;(17, 15);;0;0
Herb;(17, 16);block;0;0
Tree;(17, 17);;0;0
Herb;(17, 18);block;0;0
Herb;(17, 19);block;0;0
Tree;(17, 20);;0;0
Tree;(17, 21);;0;0
Tree;(17, 22);;0;0
Herb;(17, 23);block;0;0
Herb;(17, 24);block;0;0
Tree;(17, 25);;0;0
Tree;(17, 26);;0;0
Tree;(17, 27);;0;0
Tree;(17, 28);;0;0
Tree;(17, 29);;0;0
Tree;(17, 30);;0;0
Tree;(17, 31);;0;0
Tree;(17, 32);;0;0
Tree;(17, 33);;0;0
Herb;(17, 34);block;0;0
Herb;(17, 35);block;0;0
Herb;(17, 36);block;0;0
Herb;(17, 37);block;0;0
Herb;(17, 38);block;0;0
Tree;(17, 39);;0;0
Herb;(18, 0);block;0;0
Herb;(18, 1);block;0;0
Herb;(18, 2);block;0;0
Herb;(18, 3);block;0;0
Herb;(18, 4);block;0;0
Tree;(18, 5);;0;0
Tree;(18, 6);;0;0
Tree;(18, 7);;0;0
Herb;(18, 8);block;0;0
Herb;(18, 9);block;0;0
Herb;(18, 10);block;0;0
Herb;(18, 11);block;0;0
Herb;(18, 12);block;0;0
Herb;(18, 13);block;0;0
Herb;(18, 14);block;0;0
Tree;(18, 15);;0;0
Tree;(18, 16);;0;0
Tree;(18, 17);;0;0
Tree;(18, 18);;0;0
Herb;(18, 19);block;0;0
Herb;(18, 20);block;0;0
Herb;(18, 21);block;0;0
Herb;(18, 22);block;0;0
Herb;(18, 23);block;0;0
Tree;(18, 24);;0;0
Tree;(18, 25);;0;0
Tree;(18, 26);;0;0
Tree;(18, 27);;0;0
Tree;(18, 28);;0;0
Tree;(18, 29);;0;0
Tree;(18, 30);;0;0
Tree;(18, 31);;0;0
Tree;(18, 32);;0;0
Tree;(18, 33);;0;0
Herb;(18, 34);block;0;0
Tree;(18, 35);;0;0
Tree;(18, 36);;0;0
Tree;(18, 37);;0;0
Tree;(18, 38);;0;0
Tree;(18, 39);;0;0
Herb;(19, 0);block;0;0
Herb;(19, 1);block;0;0
Herb;(19, 2);block;0;0
Herb;(19, 3);block;0;0
Herb;(19, 4);block;0;0
Herb;(19, 5);block;0;0
Herb;(19, 6);block;0;0
Herb;(19, 7);block;0;0
Herb;(19, 8);block;0;0
Herb;(19, 9);block;0;0
Herb;(19, 10);block;0;0
Herb;(19, 11);block;0;0
Herb;(19, 12);block;0;0
Herb;(19, 13);block;0;0
Herb;(19, 14);block;0;0
Herb;(19, 15);block;0;0
Herb;(19, 16);block;0;0
Herb;(19, 17);block;0;0
Herb;(19, 18);block;0;0
Herb;(19, 19);block;0;0
Herb;(19, 20);block;0;0
Herb;(19, 21);block;0;0
Herb;(19, 22);block;0;0
Herb;(19, 23);block;0;0
Herb;(19, 24);block;0;0
Herb;(19, 25);block;0;0
Herb;(19, 26);block;0;0
Herb;(19, 27);block;0;0
Herb;(19, 28);block;0;0
Herb;(19, 29);block;0;0
Herb;(19, 30);block;0;0
Herb;(19, 31);block;0;0
Herb;(19, 32);block;0;0
Herb;(19, 33);block;0;0
Herb;(19, 34);block;0;0
Herb;(19, 35);block;0;0
Herb;(19, 36);block;0;0
Herb;(19, 37);block;0;0
Herb;(19, 38);block;0;0
Herb;(19, 39);block;0;0
Enter_Pannel;(20, 0);direction1
Herb;(20, 1);block;0;0
Herb;(20, 2);block;0;0
Herb;(20, 3);block;0;0
Herb;(20, 4);block;0;0
Herb;(20, 5);block;0;0
Herb;(20, 6);block;0;0
Herb;(20, 7);block;0;0
Herb;(20, 8);block;0;0
Herb;(20, 9);block;0;0
Herb;(20, 10);block;0;0
Herb;(20, 11);block;0;0
Herb;(20, 12);block;0;0
Herb;(20, 13);block;0;0
Herb;(20, 14);block;0;0
Herb;(20, 15);block;0;0
Herb;(20, 16);block;0;0
Herb;(20, 17);block;0;0
Herb;(20, 18);block;0;0
Herb;(20, 19);block;0;0
Herb;(20, 20);block;0;0
Herb;(20, 21);block;0;0
Herb;(20, 22);block;0;0
Herb;(20, 23);block;0;0
Herb;(20, 24);block;0;0
Herb;(20, 25);block;0;0
Herb;(20, 26);block;0;0
Herb;(20, 27);block;0;0
Herb;(20, 28);block;0;0
Herb;(20, 29);block;0;0
Herb;(20, 30);block;0;0
Herb;(20, 31);block;0;0
Herb;(20, 32);block;0;0
Herb;(20, 33);block;0;0
Herb;(20, 34);block;0;0
Herb;(20, 35);block;0;0
Herb;(20, 36);block;0;0
Herb;(20, 37);block;0;0
Exit_Pannel;(20, 38);direction2
Herb;(20, 39);block;0;0
Path;(21, 0);road12;0;0
Path;(21, 1);road0;0;0
Path;(21, 2);road0;0;0
Path;(21, 3);road0;0;0
Path;(21, 4);road0;0;0
Path;(21, 5);road0;0;0
Path;(21, 6);road0;0;0
Path;(21, 7);road0;0;0
Path;(21, 8);road0;0;0
Path;(21, 9);road0;0;0
Path;(21, 10);road0;0;0
Path;(21, 11);road0;0;0
Path;(21, 12);road0;0;0
Path;(21, 13);road0;0;0
Path;(21, 14);road0;0;0
Path;(21, 15);road0;0;0
Path;(21, 16);road0;0;0
Path;(21, 17);road0;0;0
Path;(21, 18);road0;0;0
Path;(21, 19);road0;0;0
Path;(21, 20);road0;0;0
Path;(21, 21);road0;0;0
Path;(21, 22);road0;0;0
Path;(21, 23);road0;0;0
Path;(21, 24);road0;0;0
Path;(21, 25);road0;0;0
Path;(21, 26);road0;0;0
Path;(21, 27);road0;0;0
Path;(21, 28);road0;0;0
Path;(21, 29);road0;0;0
Path;(21, 30);road0;0;0
Path;(21, 31);road0;0;0
Path;(21, 32);road0;0;0
Path;(21, 33);road0;0;0
Path;(21, 34);road0;0;0
Path;(21, 35);road0;0;0
Path;(21, 36);road0;0;0
Path;(21, 37);road0;0;0
Path;(21, 38);road0;0;0
Path;(21, 39);road8;0;0
Herb;(22, 0);block;0;0
Herb;(22, 1);block;0;0
Herb;(22, 2);block;0;0
Herb;(22, 3);block;0;0
Herb;(22, 4);block;0;0
Herb;(22, 5);block;0;0
Herb;(22, 6);block;0;0
Herb;(22, 7);block;0;0
Herb;(22, 8);block;0;0
Herb;(22, 9);block;0;0
Herb;(22, 10);block;0;0
Herb;(22, 11);block;0;0
Herb;(22, 12);block;0;0
Herb;(22, 13);block;0;0
Herb;(22, 14);block;0;0
Herb;(22, 15);block;0;0
Herb;(22, 16);block;0;0
Herb;(22, 17);block;0;0
Herb;(22, 18);block;0;0
Herb;(22, 19);block;0;0
Herb;(22, 20);block;0;0
Herb;(22, 21);block;0;0
Herb;(22, 22);block;0;0
Herb;(22, 23);block;0;0
Herb;(22, 24);block;0;0
Herb;(22, 25);block;0;0
Herb;(22, 26);block;0;0
Herb;(22, 27);block;0;0
Herb;(22, 28);block;0;0
Herb;(22, 29);block;0;0
Herb;(22, 30);block;0;0
Herb;(22, 31);block;0;0
Herb;(22, 32);block;0;0
Herb;(22, 33);block;0;0
Herb;(22, 34);block;0;0
Herb;(22, 35);block;0;0
Herb;(22, 36);block;0;0
Herb;(22, 37);block;0;0
Herb;(22, 38);block;0;0
Herb;(22, 39);block;0;0
Herb;(23, 0);block;0;0
Herb;(23, 1);block;0;0
Herb;(23, 2);block;0;0
Herb;(23, 3);block;0;0
Herb;(23, 4);block;0;0
Tree;(23, 5);;0;0
Tree;(23, 6);;0;0
Tree;(23, 7);;0;0
Tree;(23, 8);;0;0
Tree;(23, 9);;0;0
Tree;(23, 10);;0;0
Tree;(23, 11);;0;0
Tree;(23, 12);;0;0
Herb;(23, 13);block;0;0
Tree;(23, 14);;0;0
Tree;(23, 15);;0;0
Herb;(23, 16);block;0;0
Herb;(23, 17);block;0;0
Herb;(23, 18);block;0;0
Herb;(23, 19);block;0;0
Herb;(23, 20);block;0;0
Herb;(23, 21);block;0;0
Herb;(23, 22);block;0;0
Tree;(23, 23);;0;0
Herb;(23, 24);block;0;0
Herb;(23, 25);block;0;0
Tree;(23, 26);;0;0
Tree;(23, 27);;0;0
Tree;(23, 28);;0;0
Tree;(23, 29);;0;0
Tree;(23, 30);;0;0
Tree;(23, 31);;0;0
Tree;(23, 32);;0;0
Tree;(23, 33);;0;0
Tree;(23, 34);;0;0
Tree;(23, 35);;0;0
Tree;(23, 36);;0;0
Herb;(23, 37);block;0;0
Herb;(23, 38);block;0;0
Tree;(23, 39);;0;0
Water;(24, 0);
Herb;(24, 1);block;0;0
Herb;(24, 2);block;0;0
Tree;(24, 3);;0;0
Tree;(24, 4);;0;0
Tree;(24, 5);;0;0
Tree;(24, 6);;0;0
Tree;(24, 7);;0;0
Tree;(24, 8);;0;0
Tree;(24, 9);;0;0
Tree;(24, 10);;0;0
Tree;(24, 11);;0;0
Tree;(24, 12);;0;0
Tree;(24, 13);;0;0
Tree;(24, 14);;0;0
Herb;(24, 15);block;0;0
Herb;(24, 16);block;0;0
Herb;(24, 17);block;0;0
Herb;(24, 18);block;0;0
Tree;(24, 19);;0;0
Tree;(24, 20);;0;0
Tree;(24, 21);;0;0
Tree;(24, 22);;0;0
Tree;(24, 23);;0;0
Tree;(24, 24);;0;0
Tree;(24, 25);;0;0
Tree;(24, 26);;0;0
Tree;(24, 27);;0;0
Tree;(24, 28);;0;0
Tree;(24, 29);;0;0
Tree;(24, 30);;0;0
Tree;(24, 31);;0;0
Tree;(24, 32);;0;0
Tree;(24, 33);;0;0
Tree;(24, 34);;0;0
Tree;(24, 35);;0;0
Tree;(24, 36);;0;0
Tree;(24, 37);;0;0
Tree;(24, 38);;0;0
Tree;(24, 39);;0;0
Water;(25, 0);
Water;(25, 1);
Herb;(25, 2);block;0;0
Herb;(25, 3);block;0;0
Tree;(25, 4);;0;0
Tree;(25, 5);;0;0
Tree;(25, 6);;0;0
Tree;(25, 7);;0;0
Tree;(25, 8);;0;0
Tree;(25, 9);;0;0
Herb;(25, 10);block;0;0
Herb;(25, 11);block;0;0
Herb;(25, 12);block;0;0
Tree;(25, 13);;0;0
Herb;(25, 14);block;0;0
Herb;(25, 15);block;0;0
Herb;(25, 16);block;0;0
Herb;(25, 17);block;0;0
Herb;(25, 18);block;0;0
Tree;(25, 19);;0;0
Tree;(25, 20);;0;0
Tree;(25, 21);;0;0
Tree;(25, 22);;0;0
Tree;(25, 23);;0;0
Tree;(25, 24);;0;0
Tree;(25, 25);;0;0
Tree;(25, 26);;0;0
Tree;(25, 27);;0;0
Tree;(25, 28);;0;0
Tree;(25, 29);;0;0
Tree;(25, 30);;0;0
Tree;(25, 31);;0;0
Tree;(25, 32);;0;0
Tree;(25, 33);;0;0
Tree;(25, 34);;0;0
Herb;(25, 35);block;0;0
Tree;(25, 36);;0;0
Herb;(25, 37);block;0;0
Tree;(25, 38);;0;0
Tree;(25, 39);;0;0
Water;(26, 0);
Water;(26, 1);
Water;(26, 2);
Herb;(26, 3);block;0;0
Herb;(26, 4);block;0;0
Tree;(26, 5);;0;0
Tree;(26, 6);;0;0
Tree;(26, 7);;0;0
Tree;(26, 8);;0;0
Tree;(26, 9);;0;0
Herb;(26, 10);block;0;0
Herb;(26, 11);block;0;0
Herb;(26, 12);block;0;0
Herb;(26, 13);block;0;0
Tree;(26, 14);;0;0
Herb;(26, 15);block;0;0
Tree;(26, 16);;0;0
Tree;(26, 17);;0;0
Tree;(26, 18);;0;0
Tree;(26, 19);;0;0
Tree;(26, 20);;0;0
Tree;(26, 21);;0;0
Tree;(26, 22);;0;0
Tree;(26, 23);;0;0
Tree;(26, 24);;0;0
Tree;(26, 25);;0;0
Tree;(26, 26);;0;0
Tree;(26, 27);;0;0
Tree;(26, 28);;0;0
Tree;(26, 29);;0;0
Tree;(26, 30);;0;0
Tree;(26, 31);;0;0
Tree;(26, 32);;0;0
Tree;(26, 33);;0;0
Tree;(26, 34);;0;0
Tree;(26, 35);;0;0
Tree;(26, 36);;0;0
Herb;(26, 37);block;0;0
Tree;(26, 38);;0;0
Tree;(26, 39);;0;0
Water;(27, 0);
Water;(27, 1);
Water;(27, 2);
Water;(27, 3);
Water;(27, 4);
Herb;(27, 5);block;0;0
Herb;(27, 6);block;0;0
Tree;(27, 7);;0;0
Tree;(27, 8);;0;0
Tree;(27, 9);;0;0
Herb;(27, 10);block;0;0
Herb;(27, 11);block;0;0
Herb;(27, 12);block;0;0
Herb;(27, 13);block;0;0
Herb;(27, 14);block;0;0
Herb;(27, 15);block;0;0
Herb;(27, 16);block;0;0
Rock;(27, 17);
Tree;(27, 18);;0;0
Tree;(27, 19);;0;0
Tree;(27, 20);;0;0
Tree;(27, 21);;0;0
Tree;(27, 22);;0;0
Tree;(27, 23);;0;0
Tree;(27, 24);;0;0
Tree;(27, 25);;0;0
Tree;(27, 26);;0;0
Tree;(27, 27);;0;0
Tree;(27, 28);;0;0
Tree;(27, 29);;0;0
Tree;(27, 30);;0;0
Tree;(27, 31);;0;0
Tree;(27, 32);;0;0
Tree;(27, 33);;0;0
Tree;(27, 34);;0;0
Tree;(27, 35);;0;0
Tree;(27, 36);;0;0
Tree;(27, 37);;0;0
Tree;(27, 38);;0;0
Tree;(27, 39);;0;0
Herb;(28, 0);block;0;0
Water;(28, 1);
Water;(28, 2);
Water;(28, 3);
Water;(28, 4);
Herb;(28, 5);block;0;0
Herb;(28, 6);block;0;0
Tree;(28, 7);;0;0
Tree;(28, 8);;0;0
Tree;(28, 9);;0;0
Tree;(28, 10);;0;0
Herb;(28, 11);block;0;0
Herb;(28, 12);block;0;0
Herb;(28, 13);block;0;0
Rock;(28, 14);
Herb;(28, 15);block;0;0
Herb;(28, 16);block;0;0
Rock;(28, 17);
Rock;(28, 18);
Tree;(28, 19);;0;0
Rock;(28, 20);
Herb;(28, 21);block;0;0
Herb;(28, 22);block;0;0
Herb;(28, 23);block;0;0
Herb;(28, 24);block;0;0
Tree;(28, 25);;0;0
Tree;(28, 26);;0;0
Tree;(28, 27);;0;0
Tree;(28, 28);;0;0
Tree;(28, 29);;0;0
Tree;(28, 30);;0;0
Tree;(28, 31);;0;0
Herb;(28, 32);block;0;0
Herb;(28, 33);block;0;0
Tree;(28, 34);;0;0
Tree;(28, 35);;0;0
Tree;(28, 36);;0;0
Tree;(28, 37);;0;0
Tree;(28, 38);;0;0
Tree;(28, 39);;0;0
Tree;(29, 0);;0;0
Herb;(29, 1);block;0;0
Water;(29, 2);
Water;(29, 3);
Water;(29, 4);
Water;(29, 5);
Water;(29, 6);
Herb;(29, 7);block;0;0
Herb;(29, 8);block;0;0
Tree;(29, 9);;0;0
Tree;(29, 10);;0;0
Herb;(29, 11);block;0;0
Herb;(29, 12);block;0;0
Herb;(29, 13);block;0;0
Herb;(29, 14);block;0;0
Herb;(29, 15);block;0;0
Herb;(29, 16);block;0;0
Tree;(29, 17);;0;0
Rock;(29, 18);
Rock;(29, 19);
Herb;(29, 20);block;0;0
Tree;(29, 21);;0;0
Tree;(29, 22);;0;0
Tree;(29, 23);;0;0
Herb;(29, 24);block;0;0
Tree;(29, 25);;0;0
Herb;(29, 26);block;0;0
Tree;(29, 27);;0;0
Tree;(29, 28);;0;0
Tree;(29, 29);;0;0
Tree;(29, 30);;0;0
Tree;(29, 31);;0;0
Tree;(29, 32);;0;0
Tree;(29, 33);;0;0
Tree;(29, 34);;0;0
Tree;(29, 35);;0;0
Tree;(29, 36);;0;0
Tree;(29, 37);;0;0
Tree;(29, 38);;0;0
Tree;(29, 39);;0;0
Tree;(30, 0);;0;0
Tree;(30, 1);;0;0
Tree;(30, 2);;0;0
Water;(30, 3);
Water;(30, 4);
Water;(30, 5);
Water;(30, 6);
Herb;(30, 7);block;0;0
Herb;(30, 8);block;0;0
Tree;(30, 9);;0;0
Herb;(30, 10);block;0;0
Herb;(30, 11);block;0;0
Rock;(30, 12);
Rock;(30, 13);
Herb;(30, 14);block;0;0
Herb;(30, 15);block;0;0
Herb;(30, 16);block;0;0
Tree;(30, 17);;0;0
Tree;(30, 18);;0;0
Herb;(30, 19);block;0;0
Herb;(30, 20);block;0;0
Herb;(30, 21);block;0;0
Rock;(30, 22);
Tree;(30, 23);;0;0
Herb;(30, 24);block;0;0
Herb;(30, 25);block;0;0
Tree;(30, 26);;0;0
Tree;(30, 27);;0;0
Tree;(30, 28);;0;0
Tree;(30, 29);;0;0
Tree;(30, 30);;0;0
Tree;(30, 31);;0;0
Tree;(30, 32);;0;0
Tree;(30, 33);;0;0
Herb;(30, 34);block;0;0
Herb;(30, 35);block;0;0
Tree;(30, 36);;0;0
Tree;(30, 37);;0;0
Tree;(30, 38);;0;0
Tree;(30, 39);;0;0
Herb;(31, 0);block;0;0
Tree;(31, 1);;0;0
Tree;(31, 2);;0;0
Water;(31, 3);
Water;(31, 4);
Water;(31, 5);
Water;(31, 6);
Water;(31, 7);
Tree;(31, 8);;0;0
Herb;(31, 9);block;0;0
Herb;(31, 10);block;0;0
Herb;(31, 11);block;0;0
Herb;(31, 12);block;0;0
Rock;(31, 13);
Herb;(31, 14);block;0;0
Herb;(31, 15);block;0;0
Tree;(31, 16);;0;0
Tree;(31, 17);;0;0
Tree;(31, 18);;0;0
Tree;(31, 19);;0;0
Herb;(31, 20);block;0;0
Herb;(31, 21);block;0;0
Herb;(31, 22);block;0;0
Herb;(31, 23);block;0;0
Rock;(31, 24);
Tree;(31, 25);;0;0
Herb;(31, 26);block;0;0
Herb;(31, 27);block;0;0
Tree;(31, 28);;0;0
Tree;(31, 29);;0;0
Herb;(31, 30);block;0;0
Tree;(31, 31);;0;0
Tree;(31, 32);;0;0
Tree;(31, 33);;0;0
Tree;(31, 34);;0;0
Tree;(31, 35);;0;0
Tree;(31, 36);;0;0
Tree;(31, 37);;0;0
Tree;(31, 38);;0;0
Tree;(31, 39);;0;0
Tree;(32, 0);;0;0
Tree;(32, 1);;0;0
Tree;(32, 2);;0;0
Tree;(32, 3);;0;0
Water;(32, 4);
Water;(32, 5);
Water;(32, 6);
Water;(32, 7);
Water;(32, 8);
Herb;(32, 9);block;0;0
Herb;(32, 10);block;0;0
Herb;(32, 11);block;0;0
Herb;(32, 12);block;0;0
Rock;(32, 13);
Tree;(32, 14);;0;0
Tree;(32, 15);;0;0
Tree;(32, 16);;0;0
Tree;(32, 17);;0;0
Tree;(32, 18);;0;0
Tree;(32, 19);;0;0
Herb;(32, 20);block;0;0
Tree;(32, 21);;0;0
Herb;(32, 22);block;0;0
Herb;(32, 23);block;0;0
Herb;(32, 24);block;0;0
Rock;(32, 25);
Herb;(32, 26);block;0;0
Herb;(32, 27);block;0;0
Herb;(32, 28);block;0;0
Tree;(32, 29);;0;0
Tree;(32, 30);;0;0
Tree;(32, 31);;0;0
Tree;(32, 32);;0;0
Tree;(32, 33);;0;0
Tree;(32, 34);;0;0
Tree;(32, 35);;0;0
Tree;(32, 36);;0;0
Tree;(32, 37);;0;0
Tree;(32, 38);;0;0
Tree;(32, 39);;0;0
Tree;(33, 0);;0;0
Tree;(33, 1);;0;0
Tree;(33, 2);;0;0
Tree;(33, 3);;0;0
Herb;(33, 4);block;0;0
Water;(33, 5);
Water;(33, 6);
Water;(33, 7);
Water;(33, 8);
Water;(33, 9);
Rock;(33, 10);
Herb;(33, 11);block;0;0
Herb;(33, 12);block;0;0
Herb;(33, 13);block;0;0
Tree;(33, 14);;0;0
Tree;(33, 15);;0;0
Tree;(33, 16);;0;0
Tree;(33, 17);;0;0
Tree;(33, 18);;0;0
Tree;(33, 19);;0;0
Herb;(33, 20);block;0;0
Tree;(33, 21);;0;0
Herb;(33, 22);block;0;0
Herb;(33, 23);block;0;0
Herb;(33, 24);block;0;0
Rock;(33, 25);
Rock;(33, 26);
Herb;(33, 27);block;0;0
Herb;(33, 28);block;0;0
Herb;(33, 29);block;0;0
Herb;(33, 30);block;0;0
Tree;(33, 31);;0;0
Tree;(33, 32);;0;0
Tree;(33, 33);;0;0
Tree;(33, 34);;0;0
Tree;(33, 35);;0;0
Herb;(33, 36);block;0;0
Herb;(33, 37);block;0;0
Tree;(33, 38);;0;0
Tree;(33, 39);;0;0
Tree;(34, 0);;0;0
Tree;(34, 1);;0;0
Tree;(34, 2);;0;0
Tree;(34, 3);;0;0
Herb;(34, 4);block;0;0
Water;(34, 5);
Water;(34, 6);
Water;(34, 7);
Water;(34, 8);
Water;(34, 9);
Herb;(34, 10);block;0;0
Herb;(34, 11);block;0;0
Herb;(34, 12);block;0;0
Rock;(34, 13);
Tree;(34, 14);;0;0
Tree;(34, 15);;0;0
Tree;(34, 16);;0;0
Tree;(34, 17);;0;0
Tree;(34, 18);;0;0
Tree;(34, 19);;0;0
Tree;(34, 20);;0;0
Tree;(34, 21);;0;0
Tree;(34, 22);;0;0
Herb;(34, 23);block;0;0
Herb;(34, 24);block;0;0
Herb;(34, 25);block;0;0
Rock;(34, 26);
Rock;(34, 27);
Herb;(34, 28);block;0;0
Herb;(34, 29);block;0;0
Herb;(34, 30);block;0;0
Herb;(34, 31);block;0;0
Herb;(34, 32);block;0;0
Herb;(34, 33);block;0;0
Herb;(34, 34);block;0;0
Herb;(34, 35);block;0;0
Herb;(34, 36);block;0;0
Herb;(34, 37);block;0;0
Herb;(34, 38);block;0;0
Tree;(34, 39);;0;0
Tree;(35, 0);;0;0
Tree;(35, 1);;0;0
Herb;(35, 2);block;0;0
Herb;(35, 3);block;0;0
Herb;(35, 4);block;0;0
Rock;(35, 5);
Water;(35, 6);
Water;(35, 7);
Water;(35, 8);
Water;(35, 9);
Water;(35, 10);
Tree;(35, 11);;0;0
Tree;(35, 12);;0;0
Tree;(35, 13);;0;0
Tree;(35, 14);;0;0
Tree;(35, 15);;0;0
Tree;(35, 16);;0;0
Tree;(35, 17);;0;0
Tree;(35, 18);;0;0
Tree;(35, 19);;0;0
Tree;(35, 20);;0;0
Tree;(35, 21);;0;0
Tree;(35, 22);;0;0
Herb;(35, 23);block;0;0
Herb;(35, 24);block;0;0
Herb;(35, 25);block;0;0
Rock;(35, 26);
Rock;(35, 27);
Rock;(35, 28);
Herb;(35, 29);block;0;0
Herb;(35, 30);block;0;0
Herb;(35, 31);block;0;0
Herb;(35, 32);block;0;0
Herb;(35, 33);block;0;0
Herb;(35, 34);block;0;0
Herb;(35, 35);block;0;0
Herb;(35, 36);block;0;0
Herb;(35, 37);block;0;0
Herb;(35, 38);block;0;0
Herb;(35, 39);block;0;0
Tree;(36, 0);;0;0
Herb;(36, 1);block;0;0
Rock;(36, 2);
Herb;(36, 3);block;0;0
Herb;(36, 4);block;0;0
Herb;(36, 5);block;0;0
Rock;(36, 6);
Water;(36, 7);
Water;(36, 8);
Water;(36, 9);
Water;(36, 10);
Water;(36, 11);
Tree;(36, 12);;0;0
Tree;(36, 13);;0;0
Tree;(36, 14);;0;0
Tree;(36, 15);;0;0
Tree;(36, 16);;0;0
Tree;(36, 17);;0;0
Tree;(36, 18);;0;0
Herb;(36, 19);block;0;0
Tree;(36, 20);;0;0
Tree;(36, 21);;0;0
Herb;(36, 22);block;0;0
Tree;(36, 23);;0;0
Tree;(36, 24);;0;0
Rock;(36, 25);
Herb;(36, 26);block;0;0
Herb;(36, 27);block;0;0
Rock;(36, 28);
Rock;(36, 29);
Herb;(36, 30);block;0;0
Rock;(36, 31);
Herb;(36, 32);block;0;0
Herb;(36, 33);block;0;0
Rock;(36, 34);
Herb;(36, 35);block;0;0
Herb;(36, 36);block;0;0
Herb;(36, 37);block;0;0
Rock;(36, 38);
Rock;(36, 39);
Herb;(37, 0);block;0;0
Herb;(37, 1);block;0;0
Herb;(37, 2);block;0;0
Herb;(37, 3);block;0;0
Herb;(37, 4);block;0;0
Herb;(37, 5);block;0;0
Rock;(37, 6);
Herb;(37, 7);block;0;0
Herb;(37, 8);block;0;0
Water;(37, 9);
Water;(37, 10);
Water;(37, 11);
Water;(37, 12);
Water;(37, 13);
Tree;(37, 14);;0;0
Tree;(37, 15);;0;0
Tree;(37, 16);;0;0
Tree;(37, 17);;0;0
Tree;(37, 18);;0;0
Tree;(37, 19);;0;0
Tree;(37, 20);;0;0
Tree;(37, 21);;0;0
Tree;(37, 22);;0;0
Tree;(37, 23);;0;0
Tree;(37, 24);;0;0
Tree;(37, 25);;0;0
Herb;(37, 26);block;0;0
Herb;(37, 27);block;0;0
Herb;(37, 28);block;0;0
Herb;(37, 29);block;0;0
Herb;(37, 30);block;0;0
Herb;(37, 31);block;0;0
Herb;(37, 32);block;0;0
Herb;(37, 33);block;0;0
Rock;(37, 34);
Herb;(37, 35);block;0;0
Herb;(37, 36);block;0;0
Herb;(37, 37);block;0;0
Herb;(37, 38);block;0;0
Herb;(37, 39);block;0;0
Herb;(38, 0);block;0;0
Herb;(38, 1);block;0;0
Herb;(38, 2);block;0;0
Rock;(38, 3);
Herb;(38, 4);block;0;0
Herb;(38, 5);block;0;0
Rock;(38, 6);
Rock;(38, 7);
Herb;(38, 8);block;0;0
Water;(38, 9);
Water;(38, 10);
Water;(38, 11);
Water;(38, 12);
Water;(38, 13);
Tree;(38, 14);;0;0
Tree;(38, 15);;0;0
Tree;(38, 16);;0;0
Tree;(38, 17);;0;0
Tree;(38, 18);;0;0
Tree;(38, 19);;0;0
Tree;(38, 20);;0;0
Tree;(38, 21);;0;0
Tree;(38, 22);;0;0
Tree;(38, 23);;0;0
Tree;(38, 24);;0;0
Tree;(38, 25);;0;0
Tree;(38, 26);;0;0
Tree;(38, 27);;0;0
Rock;(38, 28);
Herb;(38, 29);block;0;0
Herb;(38, 30);block;0;0
Herb;(38, 31);block;0;0
Rock;(38, 32);
Herb;(38, 33);block;0;0
Rock;(38, 34);
Herb;(38, 35);block;0;0
Herb;(38, 36);block;0;0
Herb;(38, 37);block;0;0
Rock;(38, 38);
Rock;(38, 39);
Herb;(39, 0);block;0;0
Herb;(39, 1);block;0;0
Herb;(39, 2);block;0;0
Herb;(39, 3);block;0;0
Rock;(39, 4);
Rock;(39, 5);
Rock;(39, 6);
Herb;(39, 7);block;0;0
Herb;(39, 8);block;0;0
Water;(39, 9);
Water;(39, 10);
Water;(39, 11);
Water;(39, 12);
Water;(39, 13);
Herb;(39, 14);block;0;0
Tree;(39, 15);;0;0
Tree;(39, 16);;0;0
Herb;(39, 17);block;0;0
Tree;(39, 18);;0;0
Tree;(39, 19);;0;0
Tree;(39, 20);;0;0
Herb;(39, 21);block;0;0
Herb;(39, 22);block;0;0
Tree;(39, 23);;0;0
Tree;(39, 24);;0;0
Tree;(39, 25);;0;0
Tree;(39, 26);;0;0
Herb;(39, 27);block;0;0
Herb;(39, 28);block;0;0
Herb;(39, 29);block;0;0
Herb;(39, 30);block;0;0
Herb;(39, 31);block;0;0
Rock;(39, 32);
Rock;(39, 33);
Rock;(39, 34);
Herb;(39, 35);block;0;0
Herb;(39, 36);block;0;0
Herb;(39, 37);block;0;0
Rock;(39, 38);
Rock;(39, 39);
---;
---;
0;0;20;
[[0, 0, 0, 0, 0, 0, 0, 0, 0, 0, 0, 0, 0, 0, 0, 0, 0, 0, 0, 0, 0, 1, 0, 0, 0, 0, 0, 0, 0, 0, 0, 0, 0, 0, 0, 0, 0, 0, 0, 0], [0, 0, 0, 0, 0, 0, 0, 0, 0, 0, 0, 0, 0, 0, 0, 0, 0, 0, 0, 0, 0, 1, 0, 0, 0, 0, 0, 0, 0, 0, 0, 0, 0, 0, 0, 0, 0, 0, 0, 0], [0, 0, 0, 0, 0, 0, 0, 0, 0, 0, 0, 0, 0, 0, 0, 0, 0, 0, 0, 0, 0, 1, 0, 0, 0, 0, 0, 0, 0, 0, 0, 0, 0, 0, 0, 0, 0, 0, 0, 0], [0, 0, 0, 0, 0, 0, 0, 0, 0, 0, 0, 0, 0, 0, 0, 0, 0, 0, 0, 0, 0, 1, 0, 0, 0, 0, 0, 0, 0, 0, 0, 0, 0, 0, 0, 0, 0, 0, 0, 0], [0, 0, 0, 0, 0, 0, 0, 0, 0, 0, 0, 0, 0, 0, 0, 0, 0, 0, 0, 0, 0, 1, 0, 0, 0, 0, 0, 0, 0, 0, 0, 0, 0, 0, 0, 0, 0, 0, 0, 0], [0, 0, 0, 0, 0, 0, 0, 0, 0, 0, 0, 0, 0, 0, 0, 0, 0, 0, 0, 0, 0, 1, 0, 0, 0, 0, 0, 0, 0, 0, 0, 0, 0, 0, 0, 0, 0, 0, 0, 0], [0, 0, 0, 0, 0, 0, 0, 0, 0, 0, 0, 0, 0, 0, 0, 0, 0, 0, 0, 0, 0, 1, 0, 0, 0, 0, 0, 0, 0, 0, 0, 0, 0, 0, 0, 0, 0, 0, 0, 0], [0, 0, 0, 0, 0, 0, 0, 0, 0, 0, 0, 0, 0, 0, 0, 0, 0, 0, 0, 0, 0, 1, 0, 0, 0, 0, 0, 0, 0, 0, 0, 0, 0, 0, 0, 0, 0, 0, 0, 0], [0, 0, 0, 0, 0, 0, 0, 0, 0, 0, 0, 0, 0, 0, 0, 0, 0, 0, 0, 0, 0, 1, 0, 0, 0, 0, 0, 0, 0, 0, 0, 0, 0, 0, 0, 0, 0, 0, 0, 0], [0, 0, 0, 0, 0, 0, 0, 0, 0, 0, 0, 0, 0, 0, 0, 0, 0, 0, 0, 0, 0, 1, 0, 0, 0, 0, 0, 0, 0, 0, 0, 0, 0, 0, 0, 0, 0, 0, 0, 0], [0, 0, 0, 0, 0, 0, 0, 0, 0, 0, 0, 0, 0, 0, 0, 0, 0, 0, 0, 0, 0, 1, 0, 0, 0, 0, 0, 0, 0, 0, 0, 0, 0, 0, 0, 0, 0, 0, 0, 0], [0, 0, 0, 0, 0, 0, 0, 0, 0, 0, 0, 0, 0, 0, 0, 0, 0, 0, 0, 0, 0, 1, 0, 0, 0, 0, 0, 0, 0, 0, 0, 0, 0, 0, 0, 0, 0, 0, 0, 0], [0, 0, 0, 0, 0, 0, 0, 0, 0, 0, 0, 0, 0, 0, 0, 0, 0, 0, 0, 0, 0, 1, 0, 0, 0, 0, 0, 0, 0, 0, 0, 0, 0, 0, 0, 0, 0, 0, 0, 0], [0, 0, 0, 0, 0, 0, 0, 0, 0, 0, 0, 0, 0, 0, 0, 0, 0, 0, 0, 0, 0, 1, 0, 0, 0, 0, 0, 0, 0, 0, 0, 0, 0, 0, 0, 0, 0, 0, 0, 0], [0, 0, 0, 0, 0, 0, 0, 0, 0, 0, 0, 0, 0, 0, 0, 0, 0, 0, 0, 0, 0, 1, 0, 0, 0, 0, 0, 0, 0, 0, 0, 0, 0, 0, 0, 0, 0, 0, 0, 0], [0, 0, 0, 0, 0, 0, 0, 0, 0, 0, 0, 0, 0, 0, 0, 0, 0, 0, 0, 0, 0, 1, 0, 0, 0, 0, 0, 0, 0, 0, 0, 0, 0, 0, 0, 0, 0, 0, 0, 0], [0, 0, 0, 0, 0, 0, 0, 0, 0, 0, 0, 0, 0, 0, 0, 0, 0, 0, 0, 0, 0, 1, 0, 0, 0, 0, 0, 0, 0, 0, 0, 0, 0, 0, 0, 0, 0, 0, 0, 0], [0, 0, 0, 0, 0, 0, 0, 0, 0, 0, 0, 0, 0, 0, 0, 0, 0, 0, 0, 0, 0, 1, 0, 0, 0, 0, 0, 0, 0, 0, 0, 0, 0, 0, 0, 0, 0, 0, 0, 0], [0, 0, 0, 0, 0, 0, 0, 0, 0, 0, 0, 0, 0, 0, 0, 0, 0, 0, 0, 0, 0, 1, 0, 0, 0, 0, 0, 0, 0, 0, 0, 0, 0, 0, 0, 0, 0, 0, 0, 0], [0, 0, 0, 0, 0, 0, 0, 0, 0, 0, 0, 0, 0, 0, 0, 0, 0, 0, 0, 0, 0, 1, 0, 0, 0, 0, 0, 0, 0, 0, 0, 0, 0, 0, 0, 0, 0, 0, 0, 0], [0, 0, 0, 0, 0, 0, 0, 0, 0, 0, 0, 0, 0, 0, 0, 0, 0, 0, 0, 0, 0, 1, 0, 0, 0, 0, 0, 0, 0, 0, 0, 0, 0, 0, 0, 0, 0, 0, 0, 0], [0, 0, 0, 0, 0, 0, 0, 0, 0, 0, 0, 0, 0, 0, 0, 0, 0, 0, 0, 0, 0, 1, 0, 0, 0, 0, 0, 0, 0, 0, 0, 0, 0, 0, 0, 0, 0, 0, 0, 0], [0, 0, 0, 0, 0, 0, 0, 0, 0, 0, 0, 0, 0, 0, 0, 0, 0, 0, 0, 0, 0, 1, 0, 0, 0, 0, 0, 0, 0, 0, 0, 0, 0, 0, 0, 0, 0, 0, 0, 0], [0, 0, 0, 0, 0, 0, 0, 0, 0, 0, 0, 0, 0, 0, 0, 0, 0, 0, 0, 0, 0, 1, 0, 0, 0, 0, 0, 0, 0, 0, 0, 0, 0, 0, 0, 0, 0, 0, 0, 0], [0, 0, 0, 0, 0, 0, 0, 0, 0, 0, 0, 0, 0, 0, 0, 0, 0, 0, 0, 0, 0, 1, 0, 0, 0, 0, 0, 0, 0, 0, 0, 0, 0, 0, 0, 0, 0, 0, 0, 0], [0, 0, 0, 0, 0, 0, 0, 0, 0, 0, 0, 0, 0, 0, 0, 0, 0, 0, 0, 0, 0, 1, 0, 0, 0, 0, 0, 0, 0, 0, 0, 0, 0, 0, 0, 0, 0, 0, 0, 0], [0, 0, 0, 0, 0, 0, 0, 0, 0, 0, 0, 0, 0, 0, 0, 0, 0, 0, 0, 0, 0, 1, 0, 0, 0, 0, 0, 0, 0, 0, 0, 0, 0, 0, 0, 0, 0, 0, 0, 0], [0, 0, 0, 0, 0, 0, 0, 0, 0, 0, 0, 0, 0, 0, 0, 0, 0, 0, 0, 0, 0, 1, 0, 0, 0, 0, 0, 0, 0, 0, 0, 0, 0, 0, 0, 0, 0, 0, 0, 0], [0, 0, 0, 0, 0, 0, 0, 0, 0, 0, 0, 0, 0, 0, 0, 0, 0, 0, 0, 0, 0, 1, 0, 0, 0, 0, 0, 0, 0, 0, 0, 0, 0, 0, 0, 0, 0, 0, 0, 0], [0, 0, 0, 0, 0, 0, 0, 0, 0, 0, 0, 0, 0, 0, 0, 0, 0, 0, 0, 0, 0, 1, 0, 0, 0, 0, 0, 0, 0, 0, 0, 0, 0, 0, 0, 0, 0, 0, 0, 0], [0, 0, 0, 0, 0, 0, 0, 0, 0, 0, 0, 0, 0, 0, 0, 0, 0, 0, 0, 0, 0, 1, 0, 0, 0, 0, 0, 0, 0, 0, 0, 0, 0, 0, 0, 0, 0, 0, 0, 0], [0, 0, 0, 0, 0, 0, 0, 0, 0, 0, 0, 0, 0, 0, 0, 0, 0, 0, 0, 0, 0, 1, 0, 0, 0, 0, 0, 0, 0, 0, 0, 0, 0, 0, 0, 0, 0, 0, 0, 0], [0, 0, 0, 0, 0, 0, 0, 0, 0, 0, 0, 0, 0, 0, 0, 0, 0, 0, 0, 0, 0, 1, 0, 0, 0, 0, 0, 0, 0, 0, 0, 0, 0, 0, 0, 0, 0, 0, 0, 0], [0, 0, 0, 0, 0, 0, 0, 0, 0, 0, 0, 0, 0, 0, 0, 0, 0, 0, 0, 0, 0, 1, 0, 0, 0, 0, 0, 0, 0, 0, 0, 0, 0, 0, 0, 0, 0, 0, 0, 0], [0, 0, 0, 0, 0, 0, 0, 0, 0, 0, 0, 0, 0, 0, 0, 0, 0, 0, 0, 0, 0, 1, 0, 0, 0, 0, 0, 0, 0, 0, 0, 0, 0, 0, 0, 0, 0, 0, 0, 0], [0, 0, 0, 0, 0, 0, 0, 0, 0, 0, 0, 0, 0, 0, 0, 0, 0, 0, 0, 0, 0, 1, 0, 0, 0, 0, 0, 0, 0, 0, 0, 0, 0, 0, 0, 0, 0, 0, 0, 0], [0, 0, 0, 0, 0, 0, 0, 0, 0, 0, 0, 0, 0, 0, 0, 0, 0, 0, 0, 0, 0, 1, 0, 0, 0, 0, 0, 0, 0, 0, 0, 0, 0, 0, 0, 0, 0, 0, 0, 0], [0, 0, 0, 0, 0, 0, 0, 0, 0, 0, 0, 0, 0, 0, 0, 0, 0, 0, 0, 0, 0, 1, 0, 0, 0, 0, 0, 0, 0, 0, 0, 0, 0, 0, 0, 0, 0, 0, 0, 0], [0, 0, 0, 0, 0, 0, 0, 0, 0, 0, 0, 0, 0, 0, 0, 0, 0, 0, 0, 0, 0, 1, 0, 0, 0, 0, 0, 0, 0, 0, 0, 0, 0, 0, 0, 0, 0, 0, 0, 0], [0, 0, 0, 0, 0, 0, 0, 0, 0, 0, 0, 0, 0, 0, 0, 0, 0, 0, 0, 0, 0, 1, 0, 0, 0, 0, 0, 0, 0, 0, 0, 0, 0, 0, 0, 0, 0, 0, 0, 0]];
[[0, 0, 0, 0, 0, 0, 0, 0, 0, 0, 0, 0, 0, 0, 0, 0, 0, 0, 0, 0, 0, 0, 0, 0, 0, 0, 0, 0, 0, 0, 0, 0, 0, 0, 0, 0, 0, 0, 0, 0], [0, 0, 0, 0, 0, 0, 0, 0, 0, 0, 0, 0, 0, 0, 0, 0, 0, 0, 0, 0, 0, 0, 0, 0, 0, 0, 0, 0, 0, 0, 0, 0, 0, 0, 0, 0, 0, 0, 0, 0], [0, 0, 0, 0, 0, 0, 0, 0, 0, 0, 0, 0, 0, 0, 0, 0, 0, 0, 0, 0, 0, 0, 0, 0, 0, 0, 0, 0, 0, 0, 0, 0, 0, 0, 0, 0, 0, 0, 0, 0], [0, 0, 0, 0, 0, 0, 0, 0, 0, 0, 0, 0, 0, 0, 0, 0, 0, 0, 0, 0, 0, 0, 0, 0, 0, 0, 0, 0, 0, 0, 0, 0, 0, 0, 0, 0, 0, 0, 0, 0], [0, 0, 0, 0, 0, 0, 0, 0, 0, 0, 0, 0, 0, 0, 0, 0, 0, 0, 0, 0, 0, 0, 0, 0, 0, 0, 0, 0, 0, 0, 0, 0, 0, 0, 0, 0, 0, 0, 0, 0], [0, 0, 0, 0, 0, 0, 0, 0, 0, 0, 0, 0, 0, 0, 0, 0, 0, 0, 0, 0, 0, 0, 0, 0, 0, 0, 0, 0, 0, 0, 0, 0, 0, 0, 0, 0, 0, 0, 0, 0], [0, 0, 0, 0, 0, 0, 0, 0, 0, 0, 0, 0, 0, 0, 0, 0, 0, 0, 0, 0, 0, 0, 0, 0, 0, 0, 0, 0, 0, 0, 0, 0, 0, 0, 0, 0, 0, 0, 0, 0], [0, 0, 0, 0, 0, 0, 0, 0, 0, 0, 0, 0, 0, 0, 0, 0, 0, 0, 0, 0, 0, 0, 0, 0, 0, 0, 0, 0, 0, 0, 0, 0, 0, 0, 0, 0, 0, 0, 0, 0], [0, 0, 0, 0, 0, 0, 0, 0, 0, 0, 0, 0, 0, 0, 0, 0, 0, 0, 0, 0, 0, 0, 0, 0, 0, 0, 0, 0, 0, 0, 0, 0, 0, 0, 0, 0, 0, 0, 0, 0], [0, 0, 0, 0, 0, 0, 0, 0, 0, 0, 0, 0, 0, 0, 0, 0, 0, 0, 0, 0, 0, 0, 0, 0, 0, 0, 0, 0, 0, 0, 0, 0, 0, 0, 0, 0, 0, 0, 0, 0], [0, 0, 0, 0, 0, 0, 0, 0, 0, 0, 0, 0, 0, 0, 0, 0, 0, 0, 0, 0, 0, 0, 0, 0, 0, 0, 0, 0, 0, 0, 0, 0, 0, 0, 0, 0, 0, 0, 0, 0], [0, 0, 0, 0, 0, 0, 0, 0, 0, 0, 0, 0, 0, 0, 0, 0, 0, 0, 0, 0, 0, 0, 0, 0, 0, 0, 0, 0, 0, 0, 0, 0, 0, 0, 0, 0, 0, 0, 0, 0], [0, 0, 0, 0, 0, 0, 0, 0, 0, 0, 0, 0, 0, 0, 0, 0, 0, 0, 0, 0, 0, 0, 0, 0, 0, 0, 0, 0, 0, 0, 0, 0, 0, 0, 0, 0, 0, 0, 0, 0], [0, 0, 0, 0, 0, 0, 0, 0, 0, 0, 0, 0, 0, 0, 0, 0, 0, 0, 0, 0, 0, 0, 0, 0, 0, 0, 0, 0, 0, 0, 0, 0, 0, 0, 0, 0, 0, 0, 0, 0], [0, 0, 0, 0, 0, 0, 0, 0, 0, 0, 0, 0, 0, 0, 0, 0, 0, 0, 0, 0, 0, 0, 0, 0, 0, 0, 0, 0, 0, 0, 0, 0, 0, 0, 0, 0, 0, 0, 0, 0], [0, 0, 0, 0, 0, 0, 0, 0, 0, 0, 0, 0, 0, 0, 0, 0, 0, 0, 0, 0, 0, 0, 0, 0, 0, 0, 0, 0, 0, 0, 0, 0, 0, 0, 0, 0, 0, 0, 0, 0], [0, 0, 0, 0, 0, 0, 0, 0, 0, 0, 0, 0, 0, 0, 0, 0, 0, 0, 0, 0, 0, 0, 0, 0, 0, 0, 0, 0, 0, 0, 0, 0, 0, 0, 0, 0, 0, 0, 0, 0], [0, 0, 0, 0, 0, 0, 0, 0, 0, 0, 0, 0, 0, 0, 0, 0, 0, 0, 0, 0, 0, 0, 0, 0, 0, 0, 0, 0, 0, 0, 0, 0, 0, 0, 0, 0, 0, 0, 0, 0], [0, 0, 0, 0, 0, 0, 0, 0, 0, 0, 0, 0, 0, 0, 0, 0, 0, 0, 0, 0, 0, 0, 0, 0, 0, 0, 0, 0, 0, 0, 0, 0, 0, 0, 0, 0, 0, 0, 0, 0], [0, 0, 0, 0, 0, 0, 0, 0, 0, 0, 0, 0, 0, 0, 0, 0, 0, 0, 0, 0, 0, 0, 0, 0, 0, 0, 0, 0, 0, 0, 0, 0, 0, 0, 0, 0, 0, 0, 0, 0], [0, 0, 0, 0, 0, 0, 0, 0, 0, 0, 0, 0, 0, 0, 0, 0, 0, 0, 0, 0, 0, 0, 0, 0, 0, 0, 0, 0, 0, 0, 0, 0, 0, 0, 0, 0, 0, 0, 0, 0], [0, 0, 0, 0, 0, 0, 0, 0, 0, 0, 0, 0, 0, 0, 0, 0, 0, 0, 0, 0, 0, 0, 0, 0, 0, 0, 0, 0, 0, 0, 0, 0, 0, 0, 0, 0, 0, 0, 0, 0], [0, 0, 0, 0, 0, 0, 0, 0, 0, 0, 0, 0, 0, 0, 0, 0, 0, 0, 0, 0, 0, 0, 0, 0, 0, 0, 0, 0, 0, 0, 0, 0, 0, 0, 0, 0, 0, 0, 0, 0], [0, 0, 0, 0, 0, 0, 0, 0, 0, 0, 0, 0, 0, 0, 0, 0, 0, 0, 0, 0, 0, 0, 0, 0, 0, 0, 0, 0, 0, 0, 0, 0, 0, 0, 0, 0, 0, 0, 0, 0], [0, 0, 0, 0, 0, 0, 0, 0, 0, 0, 0, 0, 0, 0, 0, 0, 0, 0, 0, 0, 0, 0, 0, 0, 0, 0, 0, 0, 0, 0, 0, 0, 0, 0, 0, 0, 0, 0, 0, 0], [0, 0, 0, 0, 0, 0, 0, 0, 0, 0, 0, 0, 0, 0, 0, 0, 0, 0, 0, 0, 0, 0, 0, 0, 0, 0, 0, 0, 0, 0, 0, 0, 0, 0, 0, 0, 0, 0, 0, 0], [0, 0, 0, 0, 0, 0, 0, 0, 0, 0, 0, 0, 0, 0, 0, 0, 0, 0, 0, 0, 0, 0, 0, 0, 0, 0, 0, 0, 0, 0, 0, 0, 0, 0, 0, 0, 0, 0, 0, 0], [0, 0, 0, 0, 0, 0, 0, 0, 0, 0, 0, 0, 0, 0, 0, 0, 0, 0, 0, 0, 0, 0, 0, 0, 0, 0, 0, 0, 0, 0, 0, 0, 0, 0, 0, 0, 0, 0, 0, 0], [0, 0, 0, 0, 0, 0, 0, 0, 0, 0, 0, 0, 0, 0, 0, 0, 0, 0, 0, 0, 0, 0, 0, 0, 0, 0, 0, 0, 0, 0, 0, 0, 0, 0, 0, 0, 0, 0, 0, 0], [0, 0, 0, 0, 0, 0, 0, 0, 0, 0, 0, 0, 0, 0, 0, 0, 0, 0, 0, 0, 0, 0, 0, 0, 0, 0, 0, 0, 0, 0, 0, 0, 0, 0, 0, 0, 0, 0, 0, 0], [0, 0, 0, 0, 0, 0, 0, 0, 0, 0, 0, 0, 0, 0, 0, 0, 0, 0, 0, 0, 0, 0, 0, 0, 0, 0, 0, 0, 0, 0, 0, 0, 0, 0, 0, 0, 0, 0, 0, 0], [0, 0, 0, 0, 0, 0, 0, 0, 0, 0, 0, 0, 0, 0, 0, 0, 0, 0, 0, 0, 0, 0, 0, 0, 0, 0, 0, 0, 0, 0, 0, 0, 0, 0, 0, 0, 0, 0, 0, 0], [0, 0, 0, 0, 0, 0, 0, 0, 0, 0, 0, 0, 0, 0, 0, 0, 0, 0, 0, 0, 0, 0, 0, 0, 0, 0, 0, 0, 0, 0, 0, 0, 0, 0, 0, 0, 0, 0, 0, 0], [0, 0, 0, 0, 0, 0, 0, 0, 0, 0, 0, 0, 0, 0, 0, 0, 0, 0, 0, 0, 0, 0, 0, 0, 0, 0, 0, 0, 0, 0, 0, 0, 0, 0, 0, 0, 0, 0, 0, 0], [0, 0, 0, 0, 0, 0, 0, 0, 0, 0, 0, 0, 0, 0, 0, 0, 0, 0, 0, 0, 0, 0, 0, 0, 0, 0, 0, 0, 0, 0, 0, 0, 0, 0, 0, 0, 0, 0, 0, 0], [0, 0, 0, 0, 0, 0, 0, 0, 0, 0, 0, 0, 0, 0, 0, 0, 0, 0, 0, 0, 0, 0, 0, 0, 0, 0, 0, 0, 0, 0, 0, 0, 0, 0, 0, 0, 0, 0, 0, 0], [0, 0, 0, 0, 0, 0, 0, 0, 0, 0, 0, 0, 0, 0, 0, 0, 0, 0, 0, 0, 0, 0, 0, 0, 0, 0, 0, 0, 0, 0, 0, 0, 0, 0, 0, 0, 0, 0, 0, 0], [0, 0, 0, 0, 0, 0, 0, 0, 0, 0, 0, 0, 0, 0, 0, 0, 0, 0, 0, 0, 0, 0, 0, 0, 0, 0, 0, 0, 0, 0, 0, 0, 0, 0, 0, 0, 0, 0, 0, 0], [0, 0, 0, 0, 0, 0, 0, 0, 0, 0, 0, 0, 0, 0, 0, 0, 0, 0, 0, 0, 0, 0, 0, 0, 0, 0, 0, 0, 0, 0, 0, 0, 0, 0, 0, 0, 0, 0, 0, 0], [0, 0, 0, 0, 0, 0, 0, 0, 0, 0, 0, 0, 0, 0, 0, 0, 0, 0, 0, 0, 0, 0, 0, 0, 0, 0, 0, 0, 0, 0, 0, 0, 0, 0, 0, 0, 0, 0, 0, 0]];
[[0, 0, 0, 0, 0, 0, 0, 0, 0, 0, 0, 0, 0, 0, 0, 0, 0, 0, 0, 0, 0, 0, 0, 0, 0, 0, 0, 0, 0, 0, 0, 0, 0, 0, 0, 0, 0, 0, 0, 0], [0, 0, 0, 0, 0, 0, 0, 0, 0, 0, 0, 0, 0, 0, 0, 0, 0, 0, 0, 0, 0, 0, 0, 0, 0, 0, 0, 0, 0, 0, 0, 0, 0, 0, 0, 0, 0, 0, 0, 0], [0, 0, 0, 0, 0, 0, 0, 0, 0, 0, 0, 0, 0, 0, 0, 0, 0, 0, 0, 0, 0, 0, 0, 0, 0, 0, 0, 0, 0, 0, 0, 0, 0, 0, 0, 0, 0, 0, 0, 0], [0, 0, 0, 0, 0, 0, 0, 0, 0, 0, 0, 0, 0, 0, 0, 0, 0, 0, 0, 0, 0, 0, 0, 0, 0, 0, 0, 0, 0, 0, 0, 0, 0, 0, 0, 0, 0, 0, 0, 0], [0, 0, 0, 0, 0, 0, 0, 0, 0, 0, 0, 0, 0, 0, 0, 0, 0, 0, 0, 0, 0, 0, 0, 0, 0, 0, 0, 0, 0, 0, 0, 0, 0, 0, 0, 0, 0, 0, 0, 0], [0, 0, 0, 0, 0, 0, 0, 0, 0, 0, 0, 0, 0, 0, 0, 0, 0, 0, 0, 0, 0, 0, 0, 0, 0, 0, 0, 0, 0, 0, 0, 0, 0, 0, 0, 0, 0, 0, 0, 0], [0, 0, 0, 0, 0, 0, 0, 0, 0, 0, 0, 0, 0, 0, 0, 0, 0, 0, 0, 0, 0, 0, 0, 0, 0, 0, 0, 0, 0, 0, 0, 0, 0, 0, 0, 0, 0, 0, 0, 0], [0, 0, 0, 0, 0, 0, 0, 0, 0, 0, 0, 0, 0, 0, 0, 0, 0, 0, 0, 0, 0, 0, 0, 0, 0, 0, 0, 0, 0, 0, 0, 0, 0, 0, 0, 0, 0, 0, 0, 0], [0, 0, 0, 0, 0, 0, 0, 0, 0, 0, 0, 0, 0, 0, 0, 0, 0, 0, 0, 0, 0, 0, 0, 0, 0, 0, 0, 0, 0, 0, 0, 0, 0, 0, 0, 0, 0, 0, 0, 0], [0, 0, 0, 0, 0, 0, 0, 0, 0, 0, 0, 0, 0, 0, 0, 0, 0, 0, 0, 0, 0, 0, 0, 0, 0, 0, 0, 0, 0, 0, 0, 0, 0, 0, 0, 0, 0, 0, 0, 0], [0, 0, 0, 0, 0, 0, 0, 0, 0, 0, 0, 0, 0, 0, 0, 0, 0, 0, 0, 0, 0, 0, 0, 0, 0, 0, 0, 0, 0, 0, 0, 0, 0, 0, 0, 0, 0, 0, 0, 0], [0, 0, 0, 0, 0, 0, 0, 0, 0, 0, 0, 0, 0, 0, 0, 0, 0, 0, 0, 0, 0, 0, 0, 0, 0, 0, 0, 0, 0, 0, 0, 0, 0, 0, 0, 0, 0, 0, 0, 0], [0, 0, 0, 0, 0, 0, 0, 0, 0, 0, 0, 0, 0, 0, 0, 0, 0, 0, 0, 0, 0, 0, 0, 0, 0, 0, 0, 0, 0, 0, 0, 0, 0, 0, 0, 0, 0, 0, 0, 0], [0, 0, 0, 0, 0, 0, 0, 0, 0, 0, 0, 0, 0, 0, 0, 0, 0, 0, 0, 0, 0, 0, 0, 0, 0, 0, 0, 0, 0, 0, 0, 0, 0, 0, 0, 0, 0, 0, 0, 0], [0, 0, 0, 0, 0, 0, 0, 0, 0, 0, 0, 0, 0, 0, 0, 0, 0, 0, 0, 0, 0, 0, 0, 0, 0, 0, 0, 0, 0, 0, 0, 0, 0, 0, 0, 0, 0, 0, 0, 0], [0, 0, 0, 0, 0, 0, 0, 0, 0, 0, 0, 0, 0, 0, 0, 0, 0, 0, 0, 0, 0, 0, 0, 0, 0, 0, 0, 0, 0, 0, 0, 0, 0, 0, 0, 0, 0, 0, 0, 0], [0, 0, 0, 0, 0, 0, 0, 0, 0, 0, 0, 0, 0, 0, 0, 0, 0, 0, 0, 0, 0, 0, 0, 0, 0, 0, 0, 0, 0, 0, 0, 0, 0, 0, 0, 0, 0, 0, 0, 0], [0, 0, 0, 0, 0, 0, 0, 0, 0, 0, 0, 0, 0, 0, 0, 0, 0, 0, 0, 0, 0, 0, 0, 0, 0, 0, 0, 0, 0, 0, 0, 0, 0, 0, 0, 0, 0, 0, 0, 0], [0, 0, 0, 0, 0, 0, 0, 0, 0, 0, 0, 0, 0, 0, 0, 0, 0, 0, 0, 0, 0, 0, 0, 0, 0, 0, 0, 0, 0, 0, 0, 0, 0, 0, 0, 0, 0, 0, 0, 0], [0, 0, 0, 0, 0, 0, 0, 0, 0, 0, 0, 0, 0, 0, 0, 0, 0, 0, 0, 0, 0, 0, 0, 0, 0, 0, 0, 0, 0, 0, 0, 0, 0, 0, 0, 0, 0, 0, 0, 0], [0, 0, 0, 0, 0, 0, 0, 0, 0, 0, 0, 0, 0, 0, 0, 0, 0, 0, 0, 0, 0, 0, 0, 0, 0, 0, 0, 0, 0, 0, 0, 0, 0, 0, 0, 0, 0, 0, 0, 0], [0, 0, 0, 0, 0, 0, 0, 0, 0, 0, 0, 0, 0, 0, 0, 0, 0, 0, 0, 0, 0, 0, 0, 0, 0, 0, 0, 0, 0, 0, 0, 0, 0, 0, 0, 0, 0, 0, 0, 0], [0, 0, 0, 0, 0, 0, 0, 0, 0, 0, 0, 0, 0, 0, 0, 0, 0, 0, 0, 0, 0, 0, 0, 0, 0, 0, 0, 0, 0, 0, 0, 0, 0, 0, 0, 0, 0, 0, 0, 0], [0, 0, 0, 0, 0, 0, 0, 0, 0, 0, 0, 0, 0, 0, 0, 0, 0, 0, 0, 0, 0, 0, 0, 0, 0, 0, 0, 0, 0, 0, 0, 0, 0, 0, 0, 0, 0, 0, 0, 0], [0, 0, 0, 0, 0, 0, 0, 0, 0, 0, 0, 0, 0, 0, 0, 0, 0, 0, 0, 0, 0, 0, 0, 0, 0, 0, 0, 0, 0, 0, 0, 0, 0, 0, 0, 0, 0, 0, 0, 0], [0, 0, 0, 0, 0, 0, 0, 0, 0, 0, 0, 0, 0, 0, 0, 0, 0, 0, 0, 0, 0, 0, 0, 0, 0, 0, 0, 0, 0, 0, 0, 0, 0, 0, 0, 0, 0, 0, 0, 0], [0, 0, 0, 0, 0, 0, 0, 0, 0, 0, 0, 0, 0, 0, 0, 0, 0, 0, 0, 0, 0, 0, 0, 0, 0, 0, 0, 0, 0, 0, 0, 0, 0, 0, 0, 0, 0, 0, 0, 0], [0, 0, 0, 0, 0, 0, 0, 0, 0, 0, 0, 0, 0, 0, 0, 0, 0, 0, 0, 0, 0, 0, 0, 0, 0, 0, 0, 0, 0, 0, 0, 0, 0, 0, 0, 0, 0, 0, 0, 0], [0, 0, 0, 0, 0, 0, 0, 0, 0, 0, 0, 0, 0, 0, 0, 0, 0, 0, 0, 0, 0, 0, 0, 0, 0, 0, 0, 0, 0, 0, 0, 0, 0, 0, 0, 0, 0, 0, 0, 0], [0, 0, 0, 0, 0, 0, 0, 0, 0, 0, 0, 0, 0, 0, 0, 0, 0, 0, 0, 0, 0, 0, 0, 0, 0, 0, 0, 0, 0, 0, 0, 0, 0, 0, 0, 0, 0, 0, 0, 0], [0, 0, 0, 0, 0, 0, 0, 0, 0, 0, 0, 0, 0, 0, 0, 0, 0, 0, 0, 0, 0, 0, 0, 0, 0, 0, 0, 0, 0, 0, 0, 0, 0, 0, 0, 0, 0, 0, 0, 0], [0, 0, 0, 0, 0, 0, 0, 0, 0, 0, 0, 0, 0, 0, 0, 0, 0, 0, 0, 0, 0, 0, 0, 0, 0, 0, 0, 0, 0, 0, 0, 0, 0, 0, 0, 0, 0, 0, 0, 0], [0, 0, 0, 0, 0, 0, 0, 0, 0, 0, 0, 0, 0, 0, 0, 0, 0, 0, 0, 0, 0, 0, 0, 0, 0, 0, 0, 0, 0, 0, 0, 0, 0, 0, 0, 0, 0, 0, 0, 0], [0, 0, 0, 0, 0, 0, 0, 0, 0, 0, 0, 0, 0, 0, 0, 0, 0, 0, 0, 0, 0, 0, 0, 0, 0, 0, 0, 0, 0, 0, 0, 0, 0, 0, 0, 0, 0, 0, 0, 0], [0, 0, 0, 0, 0, 0, 0, 0, 0, 0, 0, 0, 0, 0, 0, 0, 0, 0, 0, 0, 0, 0, 0, 0, 0, 0, 0, 0, 0, 0, 0, 0, 0, 0, 0, 0, 0, 0, 0, 0], [0, 0, 0, 0, 0, 0, 0, 0, 0, 0, 0, 0, 0, 0, 0, 0, 0, 0, 0, 0, 0, 0, 0, 0, 0, 0, 0, 0, 0, 0, 0, 0, 0, 0, 0, 0, 0, 0, 0, 0], [0, 0, 0, 0, 0, 0, 0, 0, 0, 0, 0, 0, 0, 0, 0, 0, 0, 0, 0, 0, 0, 0, 0, 0, 0, 0, 0, 0, 0, 0, 0, 0, 0, 0, 0, 0, 0, 0, 0, 0], [0, 0, 0, 0, 0, 0, 0, 0, 0, 0, 0, 0, 0, 0, 0, 0, 0, 0, 0, 0, 0, 0, 0, 0, 0, 0, 0, 0, 0, 0, 0, 0, 0, 0, 0, 0, 0, 0, 0, 0], [0, 0, 0, 0, 0, 0, 0, 0, 0, 0, 0, 0, 0, 0, 0, 0, 0, 0, 0, 0, 0, 0, 0, 0, 0, 0, 0, 0, 0, 0, 0, 0, 0, 0, 0, 0, 0, 0, 0, 0], [0, 0, 0, 0, 0, 0, 0, 0, 0, 0, 0, 0, 0, 0, 0, 0, 0, 0, 0, 0, 0, 0, 0, 0, 0, 0, 0, 0, 0, 0, 0, 0, 0, 0, 0, 0, 0, 0, 0, 0]];
end;